set1_score: 0.000000000000
set2_score: 0.000000000000
Duration: 0
